-0.309 -5.746 -0.018
0.803 -5.010 -1.239
0.778 -5.100 -1.021
0.592 -5.301 -0.844
0.028 -5.619 -1.729
0.183 -5.280 -0.320
0.412 -5.181 -0.532
-0.077 -5.559 -0.683
0.793 -5.011 -1.252
0.546 -5.146 -1.465
-0.268 -5.720 -0.020
-0.228 -5.620 -0.388
0.561 -5.265 -1.087
0.588 -5.308 -0.847
0.718 -5.145 -1.026
0.357 -5.443 -1.214
0.600 -5.225 -1.093
-0.252 -5.684 -0.199
1.296 -4.725 -1.181
-0.320 -5.768 0.001
0.351 -5.125 -0.297
0.590 -5.262 -1.044
-0.138 -5.588 -0.084
0.283 -5.482 -1.328
0.241 -5.525 -1.371
-0.260 -5.713 -0.015
0.054 -5.394 -0.324
0.674 -5.166 -1.093
0.290 -5.452 -1.348
1.415 -4.802 -0.859
0.340 -5.355 -1.387
0.195 -5.571 -1.373
-0.135 -5.733 -1.368
0.373 -5.432 -1.212
-0.101 -5.621 0.016
-0.320 -5.790 -0.233
0.399 -5.086 -0.413
0.171 -5.582 -1.383
-0.173 -5.589 -0.347
-0.062 -5.486 -0.432
0.186 -5.487 -0.831
0.779 -4.967 -1.385
0.526 -5.157 -1.462
0.092 -5.437 -0.096
-0.243 -5.663 -0.216
-0.187 -5.602 -0.335
-0.193 -5.632 -0.168
-0.203 -5.584 -0.454
-0.017 -5.688 -1.437
-0.334 -5.814 -0.226
-0.012 -5.491 -0.241
0.129 -5.329 -0.376
-0.098 -5.642 0.083
0.058 -5.384 -0.327
-0.326 -5.831 -0.408
0.204 -5.305 -0.148
0.192 -5.495 -1.531
0.744 -5.112 -1.077
-0.350 -5.847 -0.204
-0.192 -5.624 -0.163
0.222 -5.314 -0.081
0.174 -5.284 -0.325
0.993 -4.942 -1.047
0.218 -5.555 -1.365
0.250 -5.437 -1.463
0.336 -5.354 -1.404
0.400 -5.142 -0.475
0.617 -5.276 -0.894
0.468 -5.307 -1.246
0.213 -5.506 -1.474
-0.268 -5.709 -0.235
0.157 -5.526 -1.606
-0.088 -5.633 0.079
0.398 -5.126 -0.454
-0.206 -5.581 -0.461
0.212 -5.340 -0.052
-0.257 -5.646 -0.418
0.044 -5.606 -1.087
0.819 -5.008 -1.222
0.946 -4.939 -1.170
0.030 -5.419 -0.464
-0.170 -5.666 0.021
-0.220 -5.709 -1.024
-0.225 -5.774 -1.331
-0.163 -5.670 0.059
0.996 -4.941 -1.042
0.690 -5.079 -1.286
-0.204 -5.664 -0.042
-0.395 -5.776 -1.031
0.108 -5.430 -0.018
0.863 -5.035 -1.042
0.039 -5.412 -0.485
0.207 -5.281 -0.247
-0.205 -5.618 -0.317
0.024 -5.422 -0.333
0.133 -5.412 -0.080
0.125 -5.421 -0.082
0.154 -5.305 -0.326
0.752 -5.092 -1.102
0.608 -5.132 -1.345
-0.243 -5.618 -0.603
-0.552 -5.806 -0.966
0.070 -5.399 -0.222
-0.534 -5.733 -0.618
-0.030 -5.442 -0.464
1.128 -4.844 -1.105
0.247 -5.228 -0.266
0.327 -5.146 -0.302
-0.253 -5.601 -0.508
1.113 -4.848 -1.081
0.406 -5.288 -1.382
0.850 -5.050 -1.013
0.292 -5.505 -1.156
0.369 -5.296 -1.509
0.427 -5.248 -1.541
-0.092 -5.509 -0.439
0.286 -5.233 -0.418
-0.139 -5.579 -0.114
0.805 -4.936 -1.420
0.415 -5.425 -1.152
-0.034 -5.589 0.065
0.149 -5.318 -0.385
-0.647 -5.996 -1.802
-0.343 -5.719 -0.465
0.052 -5.401 -0.474
-0.317 -5.651 -0.502
-0.205 -5.660 -0.053
0.152 -5.335 -0.211
0.062 -5.383 -0.313
-0.242 -5.694 -0.001
0.616 -5.157 -0.099
-0.563 -5.877 -1.281
0.232 -5.430 -0.720
0.859 -4.981 -0.091
0.427 -5.406 -1.166
0.143 -5.567 -1.155
0.815 -5.078 -1.771
0.596 -5.289 -0.835
0.464 -5.387 -0.798
-0.059 -5.555 -0.005
-0.322 -5.713 -0.445
0.420 -5.119 -0.494
-0.081 -5.661 -1.129
-0.206 -5.751 -1.321
-0.085 -5.531 -0.574
0.010 -5.528 -0.731
0.178 -5.543 -1.104
-0.205 -5.706 -1.071
0.295 -5.508 -1.147
-0.340 -5.707 -0.471
0.642 -5.244 -0.828
0.787 -5.047 -1.182
-0.134 -5.600 -0.052
0.211 -5.437 -0.713
-0.326 -5.790 0.068
0.227 -5.268 -0.183
-0.546 -5.815 -0.999
-0.626 -5.895 -1.134
0.793 -5.120 -0.897
0.251 -5.484 -0.950
0.754 -5.089 -1.102
0.820 -5.097 -0.896
0.135 -5.328 -0.418
0.159 -5.616 -1.351
-0.112 -5.708 -1.350
0.390 -5.113 -0.403
-0.564 -5.746 -0.645
-0.077 -5.738 -1.462
-0.050 -5.538 -0.675
-0.348 -5.717 -0.474
0.486 -4.948 -0.348
0.607 -5.271 -0.825
-0.537 -5.832 -1.061
0.150 -5.537 -1.567
0.063 -5.411 -0.220
-0.216 -5.579 -0.468
0.741 -5.114 -1.079
1.312 -4.721 -1.188
0.800 -4.956 -1.379
0.508 -5.180 -1.474
0.994 -4.855 -1.344
1.015 -4.833 -1.461
0.046 -5.396 -0.426
-0.262 -5.721 -0.956
-0.193 -5.768 -1.367
0.151 -5.339 -0.204
-0.576 -5.750 -0.604
0.890 -5.027 -0.995
-0.392 -5.761 -0.953
0.605 -5.197 -1.151
-0.126 -5.736 -1.367
0.047 -5.621 -1.727
-0.579 -5.754 -0.707
1.339 -4.715 -1.199
-0.540 -5.839 -1.084
0.979 -4.868 -1.306
0.303 -5.458 -1.301
1.066 -4.815 -1.449
0.412 -5.059 -0.419
0.420 -5.186 -0.558
0.670 -5.223 -0.832
1.048 -4.900 -1.058
0.303 -5.505 -1.150
0.489 -5.278 -1.240
-0.321 -5.805 -1.310
1.047 -4.823 -1.478
-0.148 -5.617 -0.037
-0.090 -5.579 -0.700
0.462 -5.386 -1.061
0.815 -5.092 -0.917
-0.021 -5.490 -0.122
-0.070 -5.520 -0.130
-0.592 -5.762 -0.702
0.402 -5.303 -1.346
0.421 -5.183 -0.558
0.855 -5.072 -0.903
-0.120 -5.708 -1.277
-0.001 -5.453 -0.521
0.221 -5.561 -1.334
0.426 -5.410 -1.145
1.138 -4.835 -1.118
0.615 -5.157 -0.106
-0.234 -5.655 -0.234
-0.018 -5.305 -1.832
-0.346 -5.675 -0.519
1.168 -4.777 -1.812
-0.155 -5.641 -0.803
0.451 -5.394 -1.074
1.149 -4.859 -0.879
-0.036 -5.726 -1.500
0.032 -5.414 -0.392
0.046 -5.411 -0.504
-0.127 -5.662 -0.961
0.431 -5.000 -0.300
-0.052 -5.580 -0.761
-0.319 -5.756 -0.014
-0.340 -5.801 0.049
-0.067 -5.475 -0.449
0.086 -5.462 0.028
1.032 -5.029 0.028
1.063 -5.212 0.116
-0.326 -6.280 -1.855
-0.394 -6.211 -1.836
1.497 -6.371 0.276
1.487 -6.385 0.273
1.038 -5.016 0.027
1.077 -4.876 -0.977
-0.374 -5.855 0.000
0.110 -5.440 0.031
-0.332 -5.714 -0.457
0.393 -5.422 -1.169
0.577 -5.153 -1.355
-0.372 -5.851 -0.001
-0.084 -5.623 0.043
-0.199 -5.667 -0.043
0.595 -5.194 -1.145
0.205 -5.302 -0.154
0.153 -5.308 -0.325
-0.548 -5.763 -0.528
0.445 -5.392 -1.071
0.514 -5.172 -1.469
0.439 -5.002 -0.301
0.189 -5.275 -0.313
0.576 -5.214 -1.176
0.762 -5.117 -1.008
-0.056 -5.570 -0.003
0.700 -5.165 -1.009
-0.610 -5.806 -0.544
-0.055 -5.481 -0.414
-0.166 -5.627 -0.085
-0.026 -5.530 -0.010
0.785 -5.023 -0.183
-0.290 -5.736 -0.215
1.123 -4.836 -1.046
-0.385 -5.937 -0.365
-0.330 -5.724 -0.452
-0.390 -5.915 -0.215
0.584 -5.300 -0.791
-0.837 -5.908 -1.837
0.443 -5.041 -1.822
0.341 -4.796 -1.803
1.553 -6.708 0.324
1.518 -4.763 -0.793
0.569 -4.955 -1.824
0.272 -4.811 -1.826
-0.090 -5.358 -1.819
0.464 -5.277 -0.085
1.063 -6.325 0.173
0.231 -5.564 0.169
0.139 -5.504 -1.761
0.780 -5.144 -0.054
-0.471 -5.882 -1.783
-0.401 -5.921 -0.434
0.623 -5.244 -0.060
-0.575 -5.542 -1.803
-0.198 -5.091 -1.841
0.571 -4.982 -1.811
0.133 -5.272 -1.784
0.036 -5.538 0.090
0.167 -5.591 0.176
-0.350 -5.873 0.103
1.246 -5.144 0.094
0.128 -5.326 -0.346
-0.262 -5.718 -0.948
0.905 -5.448 0.172
0.999 -4.920 -0.709
0.172 -5.860 0.193
-0.085 -5.574 -0.695
0.288 -5.317 -0.022
0.397 -5.104 -0.216
-0.098 -5.533 -0.128
0.223 -5.323 -0.074
0.108 -5.601 -1.218
-0.611 -5.821 -0.533
0.068 -5.601 -1.727
0.962 -4.912 -1.194
-0.624 -5.799 -0.583
-0.573 -5.758 -0.707
0.528 -5.251 -1.750
0.053 -5.424 -0.225
0.957 -4.940 -1.146
0.769 -5.067 -1.778
1.130 -6.105 0.214
0.609 -5.219 -0.073
0.059 -5.617 -1.738
0.825 -5.455 0.148
-0.380 -5.919 -0.226
1.176 -4.790 -1.804
-0.160 -5.667 -1.758
2.138 -7.690 -1.805
1.032 -7.020 -1.808
1.336 -7.196 -1.804
2.250 -7.943 -1.871
0.497 -5.370 -0.988
3.068 -7.505 -1.861
-0.330 -5.795 -0.237
0.516 -5.361 -0.977
0.769 -5.074 -1.803
0.828 -5.000 -1.237
-0.296 -5.739 -0.015
0.583 -5.156 -1.358
-0.108 -5.522 -0.471
-0.255 -5.687 -0.198
0.240 -5.525 -1.374
0.518 -5.173 -1.471
0.588 -5.261 -1.039
0.533 -5.202 -1.334
0.169 -5.303 -0.272
-0.052 -5.551 -0.701
0.575 -5.226 -1.151
-0.315 -6.286 -1.862
-0.383 -6.215 -1.844
-0.620 -5.917 -1.323
0.348 -6.292 -1.902
-0.600 -5.952 -1.746
-0.737 -5.692 -1.855
-0.306 -6.300 -1.862
0.180 -5.556 -1.496
0.949 -4.928 -1.191
1.163 -6.830 -1.896
-0.558 -5.806 -0.495
-0.184 -5.621 -0.165
1.185 -5.882 0.220
-0.280 -5.903 0.193
1.128 -6.137 0.200
1.590 -6.293 0.294
1.479 -6.424 0.287
1.564 -6.309 0.285
0.108 -5.451 0.031
1.406 -6.723 0.313
-0.605 -5.797 -0.543
-0.584 -5.813 -0.505
1.483 -6.429 0.277
1.038 -5.254 0.126
0.013 -5.334 -1.789
-0.352 -5.670 -0.517
1.144 -6.213 0.191
1.941 -7.577 -1.800
3.073 -7.349 -1.856
2.328 -7.945 -1.808
2.262 -6.874 -1.911
2.001 -7.022 -1.934
1.749 -7.075 -1.887
1.174 -6.078 0.228
0.547 -5.827 0.181
1.530 -7.005 0.358
1.484 -6.980 0.331
0.342 -5.152 -0.188
1.064 -5.247 0.135
-0.334 -5.890 0.162
1.608 -7.050 0.374
1.107 -6.099 0.206
2.081 -7.762 -1.813
-0.621 -5.819 -0.553
-0.286 -5.915 0.197
0.316 -5.354 -1.387
-0.022 -5.535 -0.015
-0.312 -5.898 0.185
0.762 -5.012 -1.282
2.200 -7.780 -1.784
1.021 -4.916 -1.032
0.988 -6.328 0.187
1.055 -5.270 0.152
0.109 -5.432 -0.023
1.336 -7.206 -1.798
0.414 -6.753 -1.823
2.178 -7.803 -1.814
-0.045 -6.451 -1.839
0.728 -6.949 -1.811
0.445 -6.746 -1.813
0.341 -6.642 -1.818
1.443 -6.849 0.316
1.494 -6.475 0.267
0.657 -6.864 -1.806
1.059 -7.131 -1.797
2.779 -7.450 -1.862
1.923 -7.828 -1.844
1.162 -6.208 0.195
2.200 -7.807 -1.819
1.728 -7.532 -1.813
0.408 -6.715 -1.808
2.615 -7.566 -0.555
2.157 -7.809 -1.817
0.401 -6.823 -1.839
0.637 -6.864 -1.800
1.328 -7.275 -1.772
0.532 -6.820 -1.822
-0.005 -6.533 -1.824
1.636 -7.403 -1.799
0.318 -6.703 -1.814
1.152 -7.150 -1.790
1.364 -7.133 -0.829
1.606 -7.420 -1.812
0.699 -6.889 -1.767
-0.355 -6.243 -1.822
1.435 -7.276 -1.798
2.847 -6.154 -2.033
2.914 -7.311 -1.859
2.207 -7.787 -1.822
1.236 -7.274 -1.820
0.879 -7.058 -1.822
0.119 -6.595 -1.791
0.278 -6.640 -1.811
-0.103 -6.402 -1.830
2.637 -7.176 -1.867
2.321 -7.838 -1.821
2.502 -7.981 -1.830
1.291 -7.270 -1.817
1.013 -7.106 -1.809
1.422 -4.707 -2.143
1.490 -7.309 -1.814
1.742 -7.499 -1.814
0.696 -6.902 -1.792
0.547 -6.838 -1.817
-0.261 -6.317 -1.820
-0.322 -6.292 -1.809
1.751 -7.488 -1.804
1.735 -7.553 -1.822
0.296 -6.775 -1.849
2.179 -7.765 -1.827
2.509 -7.039 -0.479
0.412 -6.790 -1.825
2.372 -8.053 -1.867
1.616 -7.406 -1.822
1.483 -7.547 -1.847
-0.370 -6.267 -1.809
-0.359 -6.276 -1.806
0.058 -6.657 -1.823
0.346 -6.686 -1.801
0.822 -6.929 -1.773
0.709 -6.873 -1.771
0.685 -6.863 -1.775
0.579 -6.843 -1.812
-0.278 -6.378 -1.833
1.056 -7.134 -1.796
1.152 -7.147 -1.802
-0.482 -6.162 -1.783
1.243 -7.252 -1.810
1.266 -7.299 -1.824
1.315 -7.270 -1.803
2.286 -7.838 -1.808
0.423 -6.767 -1.811
2.558 -7.482 -0.300
1.195 -7.136 -1.799
1.102 -7.141 -1.805
1.411 -7.325 -1.810
1.483 -6.897 0.318
1.362 -7.370 -1.832
0.533 -6.771 -1.815
1.775 -7.473 -1.806
-0.337 -6.313 -1.819
-0.277 -6.378 -1.812
2.648 -7.574 -0.544
1.438 -7.309 -1.796
0.165 -6.665 -1.808
2.622 -7.568 -0.560
1.769 -7.537 -1.796
2.593 -7.564 -0.571
2.603 -7.796 -1.171
1.410 -7.398 -1.808
1.739 -7.515 -1.801
1.415 -7.285 -1.782
2.641 -7.558 -0.544
0.719 -7.019 -1.800
1.267 -7.329 -1.804
2.841 -7.356 -0.182
2.598 -7.560 -0.559
2.365 -8.053 -1.860
2.778 -7.473 -0.473
2.613 -7.557 -0.553
2.649 -7.591 -0.671
-0.257 -6.346 -1.804
2.427 -7.938 -1.813
2.746 -7.045 -0.034
2.661 -7.665 -0.929
2.614 -7.791 -1.178
2.677 -7.582 -0.662
2.812 -7.516 -0.794
0.403 -6.844 -1.825
2.185 -7.797 -1.816
1.611 -7.429 -1.804
2.542 -7.472 -0.378
2.748 -7.484 -0.459
0.317 -6.813 -1.809
0.474 -5.759 -1.923
-0.318 -6.307 -1.783
1.379 -7.381 -1.799
-0.560 -6.215 -1.738
2.672 -7.693 -1.007
0.428 -6.806 -1.788
0.287 -6.675 -1.791
2.605 -7.922 -1.777
2.633 -7.817 -1.339
1.557 -7.394 -1.793
2.136 -7.746 -1.769
0.302 -6.825 -1.819
2.596 -7.821 -1.217
2.459 -7.723 -0.799
1.727 -7.680 -1.809
2.779 -7.419 -0.259
2.767 -7.478 -0.474
2.210 -7.859 -1.801
2.659 -7.565 -0.555
0.891 -6.673 0.144
2.969 -7.207 -0.148
2.660 -7.551 -0.523
2.746 -7.490 -0.463
2.652 -7.443 -0.167
2.640 -7.661 -0.855
3.058 -7.355 -1.362
2.911 -7.566 -1.429
2.668 -7.439 -0.160
2.623 -7.554 -0.548
2.671 -7.751 -1.203
2.755 -7.433 -0.207
2.990 -7.266 -0.527
2.752 -7.430 -0.188
2.809 -7.397 -0.230
2.587 -7.846 -1.316
3.055 -7.214 -0.534
2.980 -7.480 -1.430
2.725 -7.507 -0.470
2.993 -7.274 -0.538
3.144 -7.179 -0.883
2.713 -7.515 -0.466
2.778 -7.474 -0.474
3.151 -7.283 -1.411
3.040 -7.218 -0.504
2.604 -7.791 -1.178
3.072 -7.198 -0.555
3.296 -7.114 -1.405
2.816 -7.389 -0.227
2.635 -7.783 -1.220
2.660 -7.661 -0.932
2.922 -7.580 -1.490
2.736 -7.497 -0.464
2.770 -7.640 -1.135
2.710 -7.512 -0.459
2.911 -7.498 -1.139
3.112 -7.145 -0.665
3.165 -7.143 -0.856
3.247 -7.112 -1.036
3.225 -7.135 -1.026
3.052 -7.203 -0.526
3.046 -7.174 -0.271
3.165 -7.262 -1.397
2.998 -7.161 -0.148
2.655 -7.558 -0.556
2.830 -6.798 -0.016
2.872 -7.314 -0.153
2.887 -7.301 -0.150
3.411 -6.706 -0.255
3.054 -7.202 -0.500
2.819 -7.496 -0.796
3.251 -6.948 -0.327
2.980 -7.260 -0.519
3.035 -7.285 -0.822
3.042 -7.374 -1.260
2.607 -7.891 -1.783
3.040 -7.182 -0.256
3.037 -7.224 -0.501
3.084 -7.143 -0.310
2.690 -7.663 -0.991
3.189 -7.182 -1.055
2.747 -7.485 -0.459
2.846 -7.402 -0.494
3.054 -7.166 -0.283
2.956 -7.188 -0.117
2.656 -7.545 -0.523
3.051 -7.240 -0.673
3.357 -6.953 -0.926
2.972 -7.224 -0.148
3.101 -7.113 -0.287
3.227 -7.218 -1.460
2.978 -7.529 -1.628
3.046 -7.366 -1.220
3.013 -7.453 -1.495
2.647 -7.586 -0.673
3.009 -7.352 -0.965
2.815 -7.387 -0.222
3.265 -7.170 -1.430
3.398 -6.795 -0.654
2.849 -7.530 -1.033
3.012 -7.268 -0.604
2.646 -7.652 -0.887
3.149 -7.169 -0.877
2.752 -7.639 -1.087
2.843 -7.555 -1.104
2.987 -7.503 -1.480
2.753 -7.397 -0.107
2.368 -7.613 -0.478
3.084 -7.195 -0.665
3.222 -7.137 -1.040
3.282 -7.079 -1.049
2.899 -7.502 -1.132
3.022 -7.387 -1.344
3.346 -7.065 -1.402
2.356 -7.602 -0.422
2.739 -7.744 -1.511
2.961 -7.088 -0.082
3.101 -6.482 -0.097
2.367 -7.609 -0.451
2.830 -7.379 -0.225
3.206 -7.026 -0.517
2.754 -7.555 -0.805
3.228 -7.175 -1.249
2.989 -7.118 -0.115
2.889 -7.428 -0.673
2.820 -7.669 -1.488
3.353 -6.991 -1.005
3.152 -7.297 -1.424
2.687 -7.725 -1.208
2.756 -7.649 -1.132
2.966 -7.191 -0.130
3.088 -7.098 -0.238
3.088 -7.117 -0.265
3.306 -6.950 -0.745
3.159 -7.272 -1.391
3.251 -7.172 -1.423
3.349 -7.069 -1.454
2.911 -7.324 -0.436
2.133 -7.005 0.269
3.104 -7.236 -0.923
2.915 -7.429 -0.857
3.268 -7.136 -1.242
2.960 -7.499 -1.433
3.296 -6.966 -0.743
3.058 -7.288 -0.908
3.324 -7.033 -1.035
3.002 -7.332 -0.859
2.550 -7.340 0.000
3.068 -7.335 -1.301
3.397 -6.812 -0.588
3.144 -7.147 -0.756
2.888 -7.445 -0.800
2.755 -7.652 -1.141
3.331 -7.036 -1.130
2.722 -7.700 -1.220
3.357 -7.043 -1.278
2.805 -7.396 -0.192
3.116 -7.104 -0.286
2.864 -7.376 -0.445
3.003 -7.255 -0.500
2.996 -7.289 -0.583
3.241 -7.010 -0.661
3.116 -7.175 -0.708
3.296 -6.965 -0.747
3.252 -7.040 -0.793
3.196 -7.133 -0.907
3.336 -7.051 -1.236
2.996 -7.455 -1.420
3.050 -7.223 -0.569
3.161 -7.288 -1.473
2.737 -7.376 -0.085
2.832 -7.382 -0.208
2.988 -7.286 -0.544
2.707 -7.560 -0.599
2.901 -7.436 -0.836
3.040 -7.283 -0.829
3.243 -6.913 -0.209
3.157 -7.033 -0.268
3.337 -6.851 -0.373
3.222 -6.999 -0.485
2.972 -7.387 -0.935
3.356 -6.990 -1.020
3.297 -7.143 -1.546
2.856 -7.466 -0.706
3.062 -7.164 -0.298
3.033 -7.371 -1.133
2.587 -7.894 -1.790
3.174 -7.106 -0.815
3.185 -7.189 -1.073
3.307 -6.465 -1.811
3.213 -7.027 -0.571
3.245 -7.018 -0.680
3.303 -6.458 -1.806
3.383 -6.834 -0.610
3.405 -7.014 -1.468
2.886 -7.438 -0.696
3.185 -7.218 -1.234
3.366 -6.945 -0.938
3.292 -7.084 -1.111
3.228 -6.964 -0.329
3.338 -6.907 -0.750
2.672 -7.741 -1.204
3.264 -7.141 -1.245
3.010 -7.426 -1.415
2.967 -7.223 -0.151
2.803 -7.410 -0.306
3.141 -7.178 -0.869
2.605 -7.700 -0.943
3.092 -7.242 -0.916
2.879 -7.324 -0.160
3.135 -7.088 -0.379
3.229 -7.072 -0.866
2.835 -7.623 -1.349
2.909 -7.496 -1.133
2.634 -7.781 -1.220
3.223 -7.008 -0.589
2.346 -6.280 0.137
2.235 -6.414 0.242
2.108 -6.894 0.290
3.147 -6.682 -0.135
3.213 -6.426 -0.179
2.371 -7.543 -0.116
2.108 -6.938 0.287
2.377 -7.607 -0.441
3.094 -7.247 -0.924
2.525 -5.848 0.007
2.862 -7.343 -0.173
2.246 -6.447 0.213
3.073 -7.129 -0.270
2.799 -6.598 -0.011
3.387 -6.471 -0.296
2.361 -7.593 -0.414
3.043 -6.999 -0.140
2.757 -7.466 -0.400
2.268 -6.583 0.145
3.320 -6.818 -0.211
2.089 -6.885 0.305
3.036 -6.658 -0.058
2.526 -7.421 -0.061
2.414 -6.296 0.068
3.064 -6.650 -0.069
3.141 -6.665 -0.125
2.223 -6.496 0.223
3.057 -7.286 -0.909
2.433 -7.472 0.074
2.783 -7.472 -0.471
3.043 -7.299 -0.909
3.022 -6.744 -0.094
2.978 -7.232 -0.211
3.310 -6.847 -0.309
3.362 -6.879 -0.779
3.267 -7.042 -0.859
3.180 -7.166 -0.977
2.802 -7.812 -1.854
2.351 -6.500 0.076
2.408 -7.507 0.093
2.375 -7.549 0.020
2.706 -7.557 -0.597
3.239 -7.009 -0.662
2.681 -7.615 -0.814
3.144 -7.184 -0.895
3.354 -7.018 -1.149
3.385 -7.004 -1.287
2.475 -7.445 -0.021
2.052 -7.187 0.320
2.986 -7.221 -0.192
3.154 -7.036 -0.271
3.326 -6.830 -0.304
3.426 -6.755 -0.426
3.359 -6.852 -0.487
3.082 -7.390 -1.623
2.133 -7.113 0.276
2.869 -7.272 -0.121
3.245 -6.916 -0.208
3.245 -6.943 -0.321
2.859 -7.372 -0.447
3.153 -7.131 -0.760
2.817 -7.508 -0.797
2.895 -7.431 -0.795
3.363 -6.947 -0.955
3.366 -6.986 -1.150
3.161 -7.260 -1.383
3.198 -7.237 -1.458
2.213 -6.548 0.260
2.586 -7.334 -0.043
2.855 -7.480 -0.809
3.413 -6.480 -0.313
2.941 -7.463 -1.141
2.667 -7.737 -1.195
2.314 -5.075 -1.842
3.086 -6.985 -0.126
2.427 -5.036 -1.818
3.179 -6.669 -1.808
2.123 -7.072 0.259
3.398 -6.744 -0.886
2.795 -7.455 -0.462
2.140 -7.174 0.256
3.392 -6.731 -0.809
3.380 -6.738 -0.954
2.664 -7.809 -1.842
3.453 -6.698 -0.431
3.168 -6.675 -1.809
3.383 -6.845 -0.650
2.858 -7.485 -0.885
3.200 -7.046 -0.630
3.309 -6.953 -0.752
3.303 -7.014 -0.898
3.344 -7.017 -1.127
3.388 -6.738 -0.230
3.066 -7.004 -0.150
3.438 -6.638 -0.325
3.356 -6.984 -1.067
3.020 -7.485 -1.667
2.846 -7.484 -0.796
3.403 -6.802 -0.626
3.363 -6.841 -1.056
3.082 -7.403 -1.656
3.404 -6.823 -0.663
2.692 -7.728 -1.232
3.204 -7.222 -1.465
3.414 -6.509 -0.314
3.169 -7.160 -0.911
2.701 -7.711 -1.238
3.392 -6.473 -0.293
3.267 -6.866 -0.198
3.141 -7.339 -1.712
3.112 -6.363 -0.094
2.559 -6.896 0.032
3.007 -7.456 -1.466
3.054 -7.034 -0.139
3.357 -6.887 -0.754
3.392 -6.869 -0.981
3.269 -7.101 -1.079
2.976 -7.465 -1.442
3.412 -6.818 -0.848
3.318 -6.983 -0.877
3.032 -7.457 -1.682
3.024 -7.372 -1.303
3.262 -7.189 -1.556
3.390 -6.452 -0.260
3.452 -6.643 -0.535
3.171 -7.078 -0.604
3.262 -7.154 -1.433
3.103 -6.488 -0.089
3.421 -6.695 -0.253
3.406 -6.793 -0.653
3.114 -7.152 -0.664
3.385 -6.862 -0.828
2.214 -6.530 0.241
3.431 -6.756 -0.438
2.101 -7.206 0.266
2.841 -7.560 -1.103
2.367 -7.617 -0.478
3.414 -6.923 -1.406
3.309 -6.409 -0.193
3.376 -6.856 -0.820
3.385 -6.881 -0.962
3.083 -6.485 -0.071
3.110 -6.488 -0.105
3.374 -6.975 -1.196
3.418 -6.695 -0.259
3.452 -6.556 -0.488
3.238 -7.006 -0.613
3.369 -6.941 -0.947
3.387 -6.838 -0.641
3.105 -6.361 -0.097
3.196 -6.753 -0.151
2.198 -6.777 0.192
2.498 -7.054 -0.002
3.096 -6.402 -0.079
3.156 -6.323 -0.158
3.292 -6.258 -0.189
3.379 -6.636 -0.224
3.293 -6.857 -1.774
3.179 -6.186 -0.137
2.996 -7.422 -1.254
3.228 -7.215 -1.460
3.392 -6.430 -0.272
2.955 -7.087 -0.077
2.744 -7.641 -1.091
3.385 -7.002 -1.282
3.404 -6.748 -0.828
3.142 -7.145 -0.758
2.776 -7.428 -0.256
3.276 -7.003 -0.767
2.496 -5.268 -1.832
3.379 -6.976 -1.205
2.907 -7.321 -0.438
2.933 -7.472 -1.149
3.367 -6.760 -0.213
2.212 -6.550 0.232
3.104 -7.123 -0.326
3.013 -7.270 -0.604
3.129 -7.143 -0.673
2.124 -6.718 0.291
2.190 -6.803 0.206
3.394 -6.420 -0.269
3.025 -7.238 -0.507
3.215 -6.961 -0.221
2.882 -5.727 -0.591
2.052 -6.884 0.346
3.428 -6.534 -0.326
2.604 -5.558 -1.187
3.084 -6.482 -1.494
2.913 -6.020 -1.109
2.645 -5.429 -1.817
2.455 -6.096 0.091
3.032 -6.153 -1.008
3.252 -6.914 -0.218
2.669 -5.445 -0.664
3.311 -6.570 -0.903
3.125 -6.987 -0.171
3.021 -6.143 -1.011
2.572 -7.854 -1.370
3.234 -6.329 -0.685
3.223 -7.024 -0.648
2.966 -6.178 -1.344
2.858 -7.467 -0.707
3.382 -7.048 -1.475
2.102 -6.925 0.300
3.451 -6.481 -0.411
3.374 -6.383 -0.484
2.736 -5.546 -0.663
2.648 -5.536 -0.909
2.709 -5.928 -1.813
3.280 -6.171 -0.175
3.455 -6.619 -0.475
3.182 -6.683 -1.799
3.405 -6.802 -0.665
3.403 -6.724 -0.861
2.571 -7.862 -1.387
3.173 -6.013 -0.212
2.636 -5.749 -1.584
3.054 -7.167 -0.283
3.063 -7.353 -1.361
3.185 -6.684 -1.774
2.982 -6.202 -1.354
2.745 -7.491 -0.463
3.078 -6.458 -1.478
2.833 -7.388 -0.220
3.313 -6.243 -0.196
2.868 -5.564 -0.211
2.929 -6.035 -1.145
2.887 -5.812 -0.768
3.417 -6.795 -0.844
3.264 -6.285 -0.177
2.810 -5.632 -0.632
2.119 -7.000 0.268
3.152 -6.092 -0.485
3.103 -6.481 -0.094
2.863 -5.552 -0.212
2.806 -5.724 -0.827
2.207 -5.144 -1.486
3.152 -6.355 -0.150
3.079 -7.280 -0.981
2.670 -5.423 -0.644
2.243 -4.935 -0.777
2.424 -5.294 -1.153
2.866 -5.880 -0.930
2.550 -5.612 -1.590
3.213 -7.026 -0.571
3.421 -6.936 -1.411
2.667 -5.424 -0.645
2.020 -7.094 0.332
2.759 -5.959 -1.817
3.270 -6.232 -0.178
2.802 -5.651 -0.632
3.150 -6.577 -1.603
2.848 -5.676 -0.607
3.137 -6.321 -0.993
2.449 -7.149 0.022
3.420 -6.699 -0.271
3.184 -7.058 -0.550
3.410 -6.790 -0.682
3.399 -6.735 -0.808
3.383 -6.740 -0.953
3.334 -6.853 -1.528
2.221 -6.495 0.228
3.102 -5.924 -0.159
3.083 -6.379 -1.304
3.447 -6.463 -0.417
3.193 -6.538 -1.263
3.121 -6.260 -0.905
3.239 -6.413 -0.834
2.950 -6.081 -1.162
3.252 -6.683 -1.470
3.126 -5.965 -0.152
2.984 -7.121 -0.113
2.666 -5.554 -0.909
2.178 -6.570 0.271
2.221 -6.549 0.231
2.289 -7.054 0.100
2.836 -6.570 -0.037
2.833 -6.540 -0.037
2.057 -7.024 0.302
2.205 -7.020 0.107
3.331 -6.657 -0.200
3.398 -6.705 -0.232
3.110 -5.933 -0.178
3.356 -6.291 -0.217
2.289 -5.409 -0.056
2.923 -6.769 -0.057
2.298 -6.553 0.113
2.727 -5.378 -0.385
3.453 -6.558 -0.460
3.451 -6.567 -0.500
3.217 -6.281 -0.652
2.317 -5.739 0.093
3.236 -6.122 -0.166
3.294 -6.196 -0.188
2.997 -6.168 -1.203
2.257 -6.369 0.218
3.364 -6.948 -0.921
2.101 -6.583 0.319
3.295 -6.556 -0.949
3.006 -6.414 -1.808
3.277 -6.871 -1.778
2.280 -5.410 -0.048
3.169 -6.186 -0.133
3.450 -6.579 -0.497
2.814 -5.746 -0.862
2.947 -6.074 -1.154
3.112 -5.963 -0.141
2.893 -5.656 -0.187
2.900 -5.960 -1.046
2.857 -5.634 -0.164
2.921 -6.047 -1.125
3.339 -6.634 -0.959
3.322 -6.618 -0.988
2.953 -5.793 -0.140
3.058 -5.901 -0.149
2.898 -5.738 -0.129
3.180 -6.216 -0.140
2.887 -7.264 -0.126
2.906 -5.683 -0.177
3.364 -6.527 -0.244
2.433 -5.302 -1.144
2.611 -5.562 -1.200
2.441 -5.423 -1.413
2.904 -5.765 -0.614
3.217 -6.650 -1.500
2.765 -7.473 -0.476
3.225 -7.024 -0.648
2.569 -5.286 -0.665
2.910 -5.874 -0.796
3.265 -6.436 -0.781
2.216 -4.902 -0.957
2.716 -5.744 -1.218
3.035 -7.379 -1.264
2.160 -5.030 -1.455
2.974 -6.182 -1.340
2.567 -5.721 -1.808
3.212 -6.088 -0.171
3.336 -6.637 -0.986
2.712 -5.757 -1.283
2.288 -5.148 -0.206
2.872 -5.722 -0.575
3.286 -6.581 -1.069
3.179 -6.684 -1.778
2.424 -5.409 -1.433
2.559 -5.273 -0.657
3.054 -7.289 -0.911
3.344 -6.632 -0.922
2.878 -5.943 -1.074
2.367 -5.335 -1.456
2.591 -5.209 -0.413
3.002 -5.849 -0.480
2.954 -5.954 -0.814
2.804 -5.718 -0.837
3.068 -6.371 -1.347
3.393 -6.686 -0.965
2.864 -5.821 -0.863
3.118 -6.451 -1.312
2.593 -5.195 -0.430
2.416 -5.033 -0.450
2.502 -5.106 -0.456
3.385 -6.415 -0.536
2.715 -5.690 -1.074
2.180 -5.050 -1.437
2.963 -5.804 -0.139
2.781 -5.833 -1.191
3.304 -6.569 -0.908
3.080 -6.206 -0.920
3.341 -6.630 -0.899
2.562 -5.275 -0.683
3.290 -7.212 -1.705
2.572 -5.583 -1.381
2.348 -4.980 -0.529
3.392 -6.427 -0.514
2.659 -5.540 -0.904
3.161 -7.261 -1.381
3.233 -6.312 -0.645
3.093 -6.185 -0.852
3.071 -6.110 -0.771
2.888 -5.941 -1.019
3.375 -6.851 -1.049
2.687 -6.035 0.012
3.440 -6.567 -0.329
2.889 -5.746 -0.602
3.379 -6.671 -0.856
3.164 -6.489 -1.248
2.669 -5.551 -0.893
2.718 -5.700 -1.074
3.077 -6.246 -1.042
2.450 -5.239 -0.943
3.247 -6.680 -1.483
2.838 -5.661 -0.595
3.344 -6.601 -0.838
2.888 -5.751 -0.620
3.065 -6.444 -1.496
2.915 -6.023 -1.149
2.774 -5.836 -1.213
3.380 -6.925 -1.256
2.638 -5.254 -0.415
3.350 -6.853 -1.406
2.334 -5.247 -1.383
2.817 -5.650 -0.657
3.387 -6.910 -1.397
2.834 -5.667 -0.637
2.613 -5.558 -1.172
3.336 -6.835 -1.517
3.189 -6.540 -1.266
1.902 -7.134 0.384
3.223 -6.669 -0.156
3.276 -6.708 -0.167
2.709 -5.345 -0.409
2.552 -5.150 -0.424
3.413 -6.934 -1.397
2.661 -5.543 -0.914
2.724 -5.758 -1.214
2.955 -6.135 -1.344
3.024 -6.039 -0.789
3.076 -6.471 -1.476
2.724 -5.395 -0.393
2.767 -5.470 -0.138
2.869 -5.706 -0.572
2.715 -5.420 -0.150
3.219 -6.064 -0.191
3.167 -6.121 -0.483
3.381 -6.384 -0.484
2.920 -6.031 -1.139
2.508 -5.111 -0.462
2.284 -5.018 -0.984
2.656 -5.377 -0.621
3.079 -6.224 -0.998
3.072 -6.505 -0.067
2.277 -6.447 0.176
3.416 -6.740 -0.631
3.127 -6.064 -0.522
3.384 -6.740 -0.952
2.800 -5.891 -1.279
3.393 -6.870 -0.981
2.773 -5.824 -1.185
3.150 -5.986 -0.191
3.313 -6.625 -1.055
2.945 -6.125 -1.339
3.128 -6.466 -1.304
2.255 -5.024 -1.111
3.403 -6.817 -0.664
2.805 -5.731 -0.852
3.393 -6.428 -0.529
3.288 -6.260 -0.192
3.404 -6.745 -0.883
2.165 -6.220 0.169
2.473 -5.977 0.059
2.116 -6.177 0.189
3.270 -6.137 -0.228
3.158 -6.573 -1.745
2.750 -5.553 -0.658
2.478 -5.268 -0.216
2.578 -5.302 -0.665
2.209 -5.419 -0.005
3.095 -5.903 -0.192
2.877 -5.725 -0.602
2.633 -5.571 -1.141
2.128 -4.993 -1.477
3.042 -6.437 -1.798
3.174 -6.671 -1.802
3.215 -6.065 -0.193
2.893 -5.942 -1.016
2.971 -6.105 -1.151
3.094 -5.893 -0.209
2.293 -6.325 0.192
2.476 -5.244 -0.883
2.281 -5.020 -0.997
3.083 -6.200 -0.901
2.375 -5.341 -1.459
2.612 -5.351 -0.664
3.412 -6.696 -0.262
2.867 -7.755 -1.856
3.248 -6.149 -0.168
3.094 -6.488 -0.091
2.114 -7.003 0.272
2.416 -6.299 0.070
3.039 -5.837 -0.180
2.709 -5.430 -0.141
3.195 -6.852 -0.169
1.349 -5.080 0.048
2.936 -6.763 -0.054
2.662 -5.702 -0.029
2.867 -5.729 -0.105
3.133 -5.968 -0.142
2.911 -5.681 -0.176
2.960 -6.094 -1.159
3.294 -6.554 -0.966
3.045 -6.182 -1.059
2.973 -5.851 -0.123
3.007 -6.116 -0.996
2.542 -5.140 -0.438
3.125 -6.137 -0.119
3.224 -6.667 -0.156
2.282 -7.273 0.099
3.174 -6.244 -0.140
2.544 -5.986 0.046
2.336 -4.974 -0.533
2.044 -5.776 0.184
2.410 -5.032 -0.450
2.363 -5.004 -0.454
3.450 -6.588 -0.496
3.394 -6.815 -0.589
3.402 -6.803 -0.629
2.570 -5.362 -0.838
2.028 -4.716 -0.892
3.351 -6.995 -1.024
2.100 -4.949 -1.496
2.685 -5.885 -1.791
3.295 -6.256 -0.181
2.352 -5.187 -0.206
2.611 -5.215 -0.419
1.985 -4.844 -0.500
2.429 -5.040 -0.478
2.277 -4.919 -0.549
2.660 -5.399 -0.625
2.679 -5.446 -0.650
3.317 -6.805 -1.401
2.124 -4.970 -1.453
2.773 -5.453 -0.155
2.591 -5.211 -0.410
2.255 -4.926 -0.749
3.008 -6.117 -1.007
2.497 -5.374 -1.128
2.182 -4.926 -1.159
2.288 -5.497 0.002
2.063 -4.907 -0.406
2.316 -4.979 -0.463
3.375 -6.707 -0.988
2.636 -5.593 -1.164
2.408 -5.277 -1.191
2.163 -5.031 -1.455
3.034 -6.155 -1.024
2.604 -5.530 -1.158
3.119 -6.442 -1.281
2.949 -5.685 -0.191
1.993 -5.565 0.110
2.200 -4.885 -0.552
1.414 -5.024 -0.066
3.355 -6.403 -0.578
2.634 -5.385 -0.136
3.034 -5.906 -0.134
2.384 -5.024 -0.429
3.397 -6.429 -0.270
2.739 -5.682 -0.951
2.037 -4.896 -0.405
2.431 -5.081 -0.415
3.036 -6.165 -1.020
2.786 -5.883 -1.275
2.775 -5.834 -1.171
2.158 -5.032 -1.427
2.236 -4.928 -0.507
2.460 -5.282 -1.026
2.127 -6.172 0.193
2.370 -5.224 -0.204
2.380 -5.006 -0.480
2.668 -5.407 -0.650
2.229 -4.989 -1.114
3.077 -6.272 -1.115
3.183 -6.554 -1.349
2.618 -5.664 -1.416
2.787 -5.600 -0.626
2.593 -5.429 -0.932
3.163 -6.482 -1.234
3.178 -6.547 -1.269
2.452 -5.431 -1.416
2.129 -4.996 -1.475
2.337 -5.295 -1.477
2.920 -6.173 -1.516
2.161 -5.102 -0.199
3.092 -6.490 -1.499
2.924 -5.661 -0.198
2.757 -5.562 -0.661
2.483 -5.303 -0.184
2.519 -5.132 -0.431
2.589 -5.331 -0.175
2.352 -5.037 -0.808
2.868 -5.819 -0.862
2.868 -5.712 -0.125
2.545 -5.150 -0.418
3.111 -5.921 -0.171
2.636 -5.360 -0.639
3.099 -5.880 -0.195
3.067 -6.094 -0.764
3.214 -6.464 -1.045
2.592 -5.196 -0.429
2.543 -5.235 -0.653
2.189 -5.006 -1.319
2.352 -5.276 -1.342
2.659 -5.696 -1.314
2.488 -5.094 -0.448
2.676 -5.439 -0.639
2.370 -5.231 -1.217
2.264 -4.952 -0.460
2.319 -4.959 -0.542
2.236 -4.927 -0.506
2.960 -5.952 -0.779
3.176 -6.720 -1.802
2.758 -6.450 -0.037
2.453 -5.696 0.032
2.146 -4.955 -1.374
2.163 -6.310 0.215
2.276 -5.145 -0.207
2.306 -5.161 -0.208
3.153 -6.092 -0.485
2.316 -5.182 -0.198
2.672 -5.418 -0.641
3.265 -6.225 -0.177
2.372 -5.225 -0.207
1.786 -5.230 0.037
2.331 -5.278 -1.484
2.674 -5.774 -1.531
2.293 -4.934 -0.547
1.418 -5.085 0.040
2.152 -5.409 0.024
2.228 -5.418 -0.014
2.102 -4.751 -0.928
3.078 -6.158 -0.859
2.280 -5.397 -0.061
2.150 -5.039 -1.488
2.769 -5.428 -0.179
2.120 -5.285 -0.023
1.056 -4.910 -0.577
2.127 -4.982 -1.463
2.091 -4.740 -0.911
1.975 -4.839 -0.475
2.057 -4.716 -0.896
2.682 -5.472 -0.100
2.027 -4.904 -0.367
1.929 -5.084 -0.138
2.943 -5.945 -0.830
2.039 -4.714 -0.888
3.402 -6.417 -0.267
1.135 -4.935 -0.536
1.816 -5.053 -0.128
2.291 -4.996 -0.862
1.686 -4.692 -1.093
2.544 -5.615 -1.590
2.211 -5.396 -0.010
2.096 -4.749 -0.894
2.690 -5.409 -0.133
3.108 -6.098 -0.680
3.233 -6.410 -0.836
1.957 -4.714 -1.072
3.159 -6.493 -1.247
2.211 -4.887 -0.546
2.733 -5.388 -0.391
2.040 -4.891 -0.404
2.326 -5.391 -0.090
2.634 -5.378 -0.136
2.222 -5.115 -0.202
1.699 -4.916 -0.363
2.279 -4.927 -0.538
1.988 -4.826 -1.449
0.940 -4.958 -0.399
0.958 -4.959 -0.413
2.077 -4.727 -0.933
2.003 -4.842 -0.494
2.278 -5.405 -0.046
2.359 -5.260 -0.170
2.322 -4.978 -0.461
2.016 -4.706 -0.930
1.858 -5.063 -0.140
2.916 -5.680 -0.185
2.357 -5.184 -0.204
1.724 -4.912 -0.372
2.175 -4.852 -0.618
1.642 -4.703 -1.065
1.992 -4.717 -1.073
2.349 -4.983 -0.527
2.175 -5.054 -1.440
1.206 -4.999 -0.400
1.880 -4.872 -0.412
2.040 -4.852 -0.543
1.913 -4.804 -0.550
2.816 -5.745 -0.863
2.101 -4.750 -0.914
2.951 -6.119 -1.321
2.213 -4.873 -0.571
2.671 -5.425 -0.627
2.671 -5.529 -0.887
2.155 -6.204 0.184
2.353 -5.315 -1.470
1.931 -4.812 -0.545
2.288 -4.926 -0.557
2.227 -4.981 -1.120
2.870 -5.549 -0.208
2.071 -4.904 -0.405
2.441 -5.320 -1.184
2.949 -6.135 -1.346
2.537 -5.465 -1.198
1.802 -4.713 -1.435
2.039 -4.890 -1.473
2.408 -5.030 -0.533
1.628 -4.686 -1.350
1.766 -5.055 -0.105
2.642 -5.360 -0.617
2.074 -4.726 -0.920
2.315 -5.269 -1.468
2.910 -6.153 -1.524
2.265 -5.511 0.028
1.216 -4.992 -0.423
1.943 -4.816 -0.541
2.761 -5.916 -1.517
2.494 -5.307 -0.176
2.002 -4.775 -1.367
1.986 -4.819 -1.479
2.677 -5.815 -1.585
1.162 -4.940 -0.530
2.441 -5.318 -1.167
2.180 -4.883 -0.540
2.913 -5.655 -0.190
2.428 -5.292 -1.151
1.991 -4.852 -0.465
2.710 -5.441 -0.137
2.949 -6.272 -1.550
2.671 -5.422 -0.642
2.496 -5.395 -1.167
2.544 -5.600 -1.590
1.663 -5.145 0.017
1.688 -4.987 -0.188
2.098 -4.812 -0.636
3.158 -6.379 -0.998
2.045 -4.904 -0.375
2.455 -5.249 -0.945
0.939 -4.941 -0.465
3.000 -6.171 -1.205
2.754 -5.565 -0.661
1.433 -5.022 -0.062
1.625 -5.016 -0.127
1.952 -4.819 -0.536
2.174 -5.424 0.030
2.423 -5.305 -1.174
2.360 -5.345 -1.461
2.560 -5.280 -0.654
2.329 -5.259 -1.385
1.959 -4.708 -0.913
2.818 -5.558 -0.146
2.177 -4.869 -0.561
2.878 -5.724 -0.604
1.378 -5.075 0.044
3.220 -6.056 -0.190
2.765 -5.836 -1.190
2.116 -6.184 0.191
1.391 -5.078 0.025
1.257 -5.039 0.031
2.205 -5.347 -0.056
2.348 -5.184 -0.246
1.995 -4.734 -0.788
2.312 -5.155 -0.223
2.307 -5.004 -0.846
3.077 -6.473 -1.480
2.529 -5.341 -0.164
2.335 -5.172 -0.206
0.759 -4.902 -0.282
2.649 -5.375 -0.149
1.194 -4.948 -0.506
2.153 -4.969 -0.358
2.088 -5.263 -0.026
2.655 -5.566 -0.982
2.942 -6.080 -1.138
1.907 -4.781 -1.537
3.089 -5.924 -0.145
-0.595 -5.936 -1.366
2.536 -5.668 -1.777
2.460 -5.072 -0.444
2.236 -5.095 -0.220
1.399 -5.011 -0.359
1.788 -4.727 -1.001
1.619 -4.681 -1.319
0.896 -4.963 -0.092
0.915 -4.888 -1.814
2.124 -5.333 -0.014
2.001 -4.904 -0.370
2.322 -4.985 -0.447
1.727 -4.688 -1.053
1.626 -4.709 -1.082
2.429 -5.303 -1.165
0.931 -4.956 -0.407
1.988 -4.891 -0.398
1.727 -4.766 -0.667
1.491 -4.810 -0.751
1.312 -4.724 -1.204
2.120 -4.998 -0.335
2.898 -5.951 -0.950
2.888 -5.751 -0.573
2.234 -4.908 -0.871
1.659 -4.694 -1.375
2.127 -4.980 -1.462
1.730 -4.908 -0.371
2.788 -5.705 -0.837
1.831 -4.726 -1.406
2.117 -5.341 0.001
0.900 -4.949 -0.400
2.336 -4.990 -0.452
2.182 -4.846 -0.908
2.669 -5.427 -0.643
1.412 -4.803 -0.860
1.183 -4.991 0.014
1.626 -4.956 -0.316
1.725 -4.892 -0.404
2.379 -5.121 -0.907
1.760 -4.719 -1.367
1.996 -5.557 0.110
0.752 -4.874 -0.367
1.643 -4.704 -1.066
2.544 -5.616 -1.592
2.627 -5.372 -0.136
1.412 -5.018 -0.347
1.708 -4.910 -0.364
1.416 -5.015 -0.064
2.572 -5.326 -0.165
3.032 -6.161 -1.028
-0.464 -5.877 -1.397
2.017 -4.706 -0.930
1.533 -5.109 0.040
2.457 -5.691 0.033
0.810 -4.901 -0.448
1.049 -4.919 -0.566
1.950 -4.714 -0.801
1.906 -4.692 -0.818
2.240 -4.896 -0.857
2.217 -4.902 -0.954
1.422 -4.674 -1.232
2.209 -5.142 -1.484
2.411 -5.237 -0.202
1.723 -4.944 -0.305
2.111 -5.001 -0.322
1.774 -4.882 -0.408
1.729 -4.848 -0.485
-0.505 -5.739 -0.680
1.795 -4.798 -0.541
2.336 -4.975 -0.532
1.618 -4.701 -1.167
1.616 -4.705 -1.499
0.923 -4.967 -0.383
1.943 -4.736 -1.257
1.961 -5.602 0.144
1.344 -5.012 -0.043
1.044 -4.944 -0.070
0.981 -4.968 -0.086
0.917 -4.959 -0.103
2.604 -5.354 -0.156
2.217 -5.067 -0.258
2.080 -4.914 -0.389
0.961 -4.922 -0.531
1.709 -4.833 -0.512
1.236 -4.936 -0.547
1.213 -4.931 -0.549
2.348 -4.982 -0.527
1.504 -4.799 -0.759
1.423 -4.804 -0.860
1.391 -4.813 -0.861
0.271 -5.541 -1.157
1.663 -4.703 -1.084
0.820 -5.005 -1.237
2.630 -5.579 -1.144
1.537 -4.715 -1.134
2.740 -5.987 -1.817
1.301 -5.073 0.058
2.644 -5.382 -0.642
2.810 -5.627 -0.631
1.606 -4.680 -1.341
1.188 -4.938 -0.539
1.756 -4.765 -0.647
1.794 -4.809 -0.534
1.393 -4.848 -0.762
1.338 -5.039 -0.331
1.268 -4.904 -0.630
1.370 -5.015 -0.053
0.904 -4.950 -0.404
2.014 -4.710 -0.868
2.439 -5.426 -1.447
1.987 -4.734 -0.788
1.474 -5.006 -0.144
1.395 -5.022 -0.347
1.993 -4.736 -0.778
1.435 -5.024 -0.334
1.909 -4.808 -0.540
2.706 -5.388 -0.153
1.369 -4.679 -1.302
0.207 -5.024 -1.783
2.386 -5.207 -0.210
1.323 -4.700 -1.330
2.179 -5.091 -0.203
1.964 -4.723 -0.791
0.497 -5.062 -0.228
1.715 -4.894 -0.406
1.568 -4.855 -0.597
2.741 -5.373 -0.236
1.086 -4.910 -0.582
2.938 -5.667 -0.192
1.825 -4.717 -0.989
1.966 -4.712 -1.111
1.398 -5.015 -0.064
1.737 -4.832 -0.499
1.244 -4.987 -0.435
1.370 -4.976 -0.437
2.007 -4.889 -0.407
1.455 -4.708 -1.169
3.167 -6.703 -1.787
0.224 -5.554 0.173
2.416 -5.038 -0.443
1.360 -5.077 0.050
1.397 -4.676 -1.257
1.505 -5.488 0.146
0.443 -5.297 -0.071
2.094 -5.237 -0.065
1.207 -5.026 0.042
0.854 -5.011 -0.074
1.319 -4.720 -1.189
0.964 -4.951 -0.107
2.538 -5.334 -0.172
1.902 -4.777 -1.521
1.691 -4.835 -0.529
2.084 -5.278 -0.026
1.788 -4.721 -1.003
1.309 -4.714 -1.203
0.811 -4.993 -0.117
1.795 -4.907 -1.696
-0.081 -5.406 -1.780
0.786 -5.097 -1.019
0.596 -4.894 -0.372
1.491 -4.808 -0.750
2.576 -5.335 -0.172
-0.290 -5.745 -1.102
1.354 -4.679 -1.315
-0.117 -5.336 -1.815
0.464 -4.999 -0.296
0.961 -4.918 -1.198
1.738 -5.047 -0.117
1.600 -4.763 -0.757
1.948 -4.710 -0.811
-0.204 -5.662 -0.041
1.435 -4.823 -0.758
-0.351 -5.777 -1.113
1.180 -4.995 0.010
2.798 -5.694 -0.835
0.591 -4.908 -0.361
2.563 -5.263 -0.654
0.202 -5.280 -0.245
1.957 -4.708 -0.915
2.361 -5.308 -1.451
1.688 -4.690 -1.094
0.664 -5.166 -1.095
1.736 -5.019 -0.149
0.413 -5.082 -0.232
0.409 -5.283 -1.380
2.657 -5.689 -1.314
0.429 -5.245 -1.537
1.424 -4.799 -0.857
1.956 -5.629 0.144
1.416 -5.034 -0.335
1.220 -4.930 -0.549
2.504 -5.109 -0.455
0.767 -5.106 -1.019
-0.583 -5.898 -1.313
0.770 -5.011 -1.285
1.341 -4.689 -1.312
2.355 -5.186 -0.203
0.525 -4.926 -0.354
0.923 -4.964 -0.382
-0.262 -5.598 -0.514
0.595 -4.971 -0.582
1.718 -4.705 -0.835
1.836 -4.687 -0.838
0.218 -5.329 -0.518
1.824 -4.696 -0.838
-0.076 -5.621 0.063
1.892 -5.543 0.089
0.129 -5.319 -0.345
2.581 -5.339 -0.162
2.176 -4.855 -0.618
1.745 -4.762 -0.654
-0.463 -5.778 -0.958
1.512 -4.788 -0.757
1.523 -4.759 -0.784
2.874 -5.715 -0.572
1.130 -4.885 -0.686
0.893 -4.977 -0.081
0.488 -5.086 -0.204
2.869 -5.563 -0.207
0.986 -4.962 -0.417
-0.530 -5.731 -0.625
2.049 -4.884 -0.428
1.889 -4.797 -0.572
1.076 -4.894 -0.703
-0.422 -5.775 -0.993
1.103 -4.887 -0.800
-0.390 -5.768 -1.029
1.084 -4.888 -0.900
1.144 -4.818 -0.979
1.562 -4.674 -1.311
0.896 -4.971 -0.092
0.956 -4.928 -1.181
0.203 -5.376 0.015
0.285 -5.314 -0.018
1.501 -4.758 -0.937
0.963 -4.968 -1.041
1.665 -4.693 -1.082
0.927 -4.968 -0.669
-0.097 -5.650 -1.004
0.993 -4.884 -1.238
1.279 -4.712 -1.324
1.552 -4.667 -1.366
2.021 -4.760 -0.755
1.696 -4.690 -1.199
0.901 -5.015 -0.993
1.941 -4.824 -0.497
1.675 -4.783 -0.703
1.716 -4.687 -1.089
1.648 -4.939 -0.330
1.722 -4.747 -1.827
-0.190 -5.665 -0.022
0.979 -5.027 -0.025
0.435 -5.390 -0.806
1.788 -4.766 -0.640
0.634 -5.423 0.133
1.338 -5.042 -0.327
0.640 -4.941 -0.489
1.434 -4.654 -1.317
1.827 -4.700 -1.151
0.624 -5.027 -0.215
0.619 -5.213 -1.093
1.388 -5.017 -0.353
1.977 -4.728 -0.785
1.089 -4.844 -1.201
1.177 -4.758 -1.393
1.794 -5.043 -0.130
1.395 -5.008 -0.368
0.287 -5.511 -1.148
-0.136 -5.599 -0.054
1.239 -5.044 0.048
0.325 -5.200 -0.135
1.493 -5.011 -0.118
1.710 -4.803 -0.559
1.410 -4.838 -0.754
1.158 -4.872 -0.834
1.505 -4.754 -0.939
1.765 -4.736 -0.987
1.444 -4.684 -1.215
1.614 -4.696 -1.499
0.802 -5.453 0.157
0.216 -5.321 -0.483
0.860 -4.936 -0.158
1.992 -4.723 -1.053
0.508 -5.097 -0.177
1.652 -4.773 -0.754
0.208 -5.366 0.009
-0.560 -5.782 -0.526
0.285 -5.315 -0.019
1.073 -4.974 0.017
1.133 -4.863 -0.874
-0.313 -5.822 -1.332
1.015 -4.938 -0.920
0.742 -5.421 0.103
1.290 -4.771 -0.990
1.721 -5.002 -0.165
1.271 -4.781 -0.983
1.927 -5.233 -0.026
1.063 -4.967 -0.458
1.431 -4.832 -0.754
0.616 -5.434 0.140
1.498 -5.015 -0.103
-0.497 -5.881 -1.343
1.164 -4.815 -1.140
-0.424 -5.847 -1.318
1.249 -4.987 -0.431
2.092 -5.003 -0.323
0.352 -5.478 0.055
1.049 -4.982 -0.018
1.107 -4.800 -1.828
0.465 -5.003 -0.296
0.239 -5.544 0.146
0.946 -5.264 0.048
-0.607 -5.906 -1.366
-0.277 -5.824 -1.723
0.084 -5.600 -1.732
0.075 -5.300 -1.781
0.279 -5.164 -1.795
1.177 -4.824 -1.794
3.008 -6.240 -1.852
2.944 -5.936 -1.853
0.641 -5.193 -0.072
1.425 -4.779 -0.931
-0.523 -5.951 -1.723
-0.476 -5.909 -1.743
2.087 -5.286 -0.027
2.293 -5.184 -0.195
2.064 -4.727 -0.902
0.595 -4.978 -0.584
0.177 -5.547 -1.105
0.811 -5.009 -0.100
1.535 -5.116 0.043
0.930 -4.928 -0.552
0.266 -5.362 -0.642
1.467 -4.751 -1.022
0.780 -4.994 -0.148
0.465 -5.335 -1.209
0.209 -5.432 -0.708
1.043 -4.948 -0.068
0.289 -5.440 -1.344
0.455 -4.979 -0.328
0.799 -4.932 -0.560
0.052 -5.422 -0.224
0.100 -5.442 0.021
2.106 -5.302 -0.019
-0.195 -5.657 -0.802
1.335 -4.896 -0.647
1.222 -4.849 -0.895
-0.704 -5.709 -1.812
-0.085 -5.535 -0.575
2.354 -4.994 -0.530
0.010 -5.528 -0.732
0.450 -5.391 -0.799
1.054 -4.900 -0.723
1.090 -4.852 -1.180
0.625 -5.085 -1.415
0.905 -5.012 -0.061
-0.390 -5.760 -0.953
-0.202 -5.706 -1.072
-0.561 -5.901 -1.337
1.189 -4.764 -1.313
0.685 -5.040 -1.430
0.303 -5.374 -1.734
-0.190 -5.630 -0.163
2.582 -5.347 -0.165
0.727 -4.932 -0.235
0.106 -5.348 -0.442
2.387 -5.031 -0.435
0.142 -5.393 -0.598
-0.632 -5.768 -0.683
-0.237 -5.726 -1.067
-0.589 -5.891 -1.313
1.105 -4.852 -1.054
0.073 -5.312 -1.773
0.059 -5.310 -1.789
0.942 -4.957 -0.427
1.027 -4.828 -1.491
1.023 -4.827 -1.466
0.688 -5.017 -1.548
0.634 -5.242 -0.828
0.580 -5.147 -1.618
0.266 -5.208 -0.264
0.851 -4.945 -0.572
-0.093 -5.666 -1.127
0.118 -5.615 -1.291
-0.065 -5.526 -0.615
-0.473 -5.767 -0.932
0.959 -4.914 -1.208
1.060 -4.812 -1.447
0.436 -5.405 -1.109
1.635 -4.701 -1.064
1.492 -4.715 -1.116
1.042 -4.824 -1.476
-0.583 -5.812 -0.505
-0.604 -5.797 -0.545
1.131 -4.952 -0.109
0.336 -5.355 -1.396
0.767 -5.013 -1.286
-0.103 -5.540 -0.606
-0.033 -5.683 -1.341
0.912 -4.963 -0.385
-0.039 -5.528 -0.663
1.055 -4.942 -0.073
0.216 -5.314 -0.460
1.623 -4.700 -1.170
0.179 -5.495 -0.834
-0.136 -5.732 -1.369
1.660 -4.690 -1.104
0.935 -4.994 -0.978
0.769 -5.113 -1.001
1.648 -5.013 -0.127
1.418 -4.786 -0.929
-0.033 -5.532 -0.011
0.480 -4.958 -0.425
-0.160 -5.641 -0.803
0.177 -5.489 -0.830
1.402 -5.008 -0.360
1.073 -5.216 0.116
1.497 -6.429 0.286
-0.333 -5.721 -0.451
1.711 -4.803 -0.558
0.241 -5.498 -0.961
0.943 -5.265 0.048
-0.123 -5.481 -1.752
-0.249 -5.598 -0.515
0.535 -4.962 -1.801
0.936 -4.963 -0.410
2.827 -5.429 -1.814
1.428 -4.792 -0.857
0.223 -5.512 -1.004
0.722 -5.118 -1.098
-0.593 -5.898 -1.314
1.960 -4.707 -0.915
0.215 -5.338 -0.517
0.179 -5.547 -1.105
1.181 -4.993 0.011
0.445 -5.003 -0.416
0.841 -5.015 -0.083
1.259 -4.737 -1.474
0.717 -4.959 -0.256
0.629 -5.406 0.125
0.626 -5.029 -0.216
-0.201 -5.612 -0.336
0.178 -5.333 -0.466
0.932 -4.975 -0.671
0.873 -5.042 -0.977
0.843 -5.061 -1.002
0.360 -5.442 -1.217
-0.284 -5.846 -1.720
0.528 -4.932 -0.356
1.338 -4.995 -0.421
0.450 -5.395 -1.075
0.080 -5.590 -1.737
0.022 -5.530 0.074
0.376 -5.112 -0.220
0.624 -4.893 -0.356
0.247 -5.372 -0.628
-0.538 -5.818 -1.000
-0.197 -5.757 -1.323
-0.615 -5.898 -1.135
0.448 -5.235 -1.761
-0.082 -5.559 -0.677
0.082 -5.458 0.029
-0.256 -5.726 -1.022
0.049 -5.405 -0.482
0.216 -5.504 -1.472
0.493 -5.211 -1.410
-0.384 -5.919 -0.226
1.397 -5.013 -0.359
0.455 -5.081 -1.800
0.298 -5.411 -1.726
-0.342 -5.801 0.047
-0.595 -5.959 -1.748
0.625 -4.893 -0.356
1.045 -4.840 -1.787
-0.382 -5.914 -0.273
0.164 -5.514 -1.711
-0.619 -5.948 -1.754
-0.403 -5.923 -0.435
0.985 -7.024 -1.795
-0.558 -5.750 -0.583
1.115 -6.763 -1.886
0.890 -7.194 -1.832
1.423 -4.800 -0.859
0.462 -5.045 -0.520
